6@NodeId:60	0.561913,0.568484,14,49,53,56,65
6@NodeId:61	0.753011,0.759135,6,9,18,20,99
6@NodeId:62	1.047768,1.055362,11,22,33,91
6@NodeId:63	1.782053,1.805333,3,64,65,72
6@NodeId:64	1.043785,1.052676,3,27,28,31,33,39,78
6@NodeId:65	1.022062,1.027148,27,88
6@NodeId:66	1.041,1.048251,8,19,72,81,83,98
6@NodeId:67	0.715209,0.715376,2,26,30,31,32,45
6@NodeId:68	0.919396,0.926893,1,6,19,28,40,81,85
6@NodeId:69	0.906416,0.917605,12,22,42,46,55,72,88
6@NodeId:55	0.701245,0.703335,10,19,22,25,51,58,62
6@NodeId:54	0.700709,0.701614,12,69,77
6@NodeId:57	0.843101,0.8446,86,94,96,98
6@NodeId:56	0.55782,0.553777,29,36,80,96,98
6@NodeId:51	0.954075,0.961359,38,45,61,71
6@NodeId:50	0.851649,0.855684,0,20,46,68
6@NodeId:53	0.61748,0.619131,2,13,65,78,95
6@NodeId:52	0.864946,0.872429,27,31,64,91
6@NodeId:59	0.515126,0.519216,10,24,69,92
6@NodeId:58	0.891748,0.893422,16,38,71,73,78
6@NodeId:5	0.492075,0.494417,2,9,24,50,61,81,98
6@NodeId:4	0.765542,0.768295,24,42,46,86
6@NodeId:7	1.031015,1.040609,12,21,38,57,93
6@NodeId:6	0.712195,0.716472,15,22,58,80
6@NodeId:1	1.266155,1.275729,37,72
6@NodeId:0	0.760806,0.764908,1,15,66,96
6@NodeId:3	0.769226,0.775446,30,42,45,86
6@NodeId:2	1.045203,1.050198,31,63
6@NodeId:9	1.722999,1.728189,33,39,41,43,51,69,80
6@NodeId:8	0.351855,0.354021,13,41,59,87
6@NodeId:48	0.15,0.15,18,39,61,79,89
6@NodeId:49	1.182573,1.183318,2,29,31,39,84
6@NodeId:42	0.589468,0.590032,36,45,70,89,99
6@NodeId:43	0.94762,0.959293,4,21,24,56,67,68,80,86,90
6@NodeId:40	0.749232,0.752596,7,71,72,73
6@NodeId:41	0.974151,0.983104,44,45,49,66
6@NodeId:46	0.843249,0.848442,78
6@NodeId:47	0.52509,0.526727,5,14,52,70,73
6@NodeId:44	0.64446,0.645028,17,37,38
6@NodeId:45	1.489717,1.489892,18,53,58,83,86,90
6@NodeId:39	1.188661,1.199976,31,43,68,71,92
6@NodeId:38	1.197925,1.204723,30,41,98
6@NodeId:37	1.356896,1.364222,40,59,71,97
6@NodeId:36	0.790238,0.795695,12,20,30,34,61,75,77,99
6@NodeId:35	0.507571,0.508813,12,18,62,64,65,66,83,91
6@NodeId:34	0.999079,1.003644,0,7,77,78
6@NodeId:33	1.027074,1.038013,2,56,58,86
6@NodeId:32	1.004916,1.01429,2,3,6,27,47,69,71,91
6@NodeId:31	2.209202,2.228043,29,36,46,49,54,62,70,85
6@NodeId:30	0.895361,0.897612,80,84,95
6@NodeId:28	0.904667,0.910074,21,25,72
6@NodeId:29	0.890215,0.894468,18,23,31,36,86
6@NodeId:24	1.048602,1.059291,9,10,18,38,55,93,94
6@NodeId:25	0.837372,0.842927,63
6@NodeId:26	0.85787,0.863807,15,23,28,64
6@NodeId:27	1.376976,1.378667,32,68,70,92
6@NodeId:20	1.187482,1.194856,7,94
6@NodeId:21	6.298845,5.747896
6@NodeId:22	1.079951,1.086402,25,65,72,83,97
6@NodeId:23	0.584679,0.590977,92,99
6@NodeId:11	0.667175,0.673699,6,28,40,49,51,67,89
6@NodeId:10	0.919494,0.924826,4,6,38,67,78,80
6@NodeId:13	0.933374,0.937795,25,32,33,35,76
6@NodeId:12	1.025856,1.030865,24,28,50,55,67,85,98
6@NodeId:15	1.250474,1.258641,47,70,79,95,97
6@NodeId:14	0.336186,0.335302,36,39,44,62,98
6@NodeId:17	0.56629,0.571385,18,39,41,53,63,72,79,99
6@NodeId:16	0.642097,0.64287,45,52,67,80
6@NodeId:19	0.909952,0.91593,27,33,37,45,92
6@NodeId:18	1.071473,1.075967,52,61,62,87
6@NodeId:99	1.218085,1.222539,1,83
6@NodeId:98	1.155673,1.164702,5,13,15,28,49,66,92,94
6@NodeId:91	0.76927,0.771366,12,24,66,81,95
6@NodeId:90	0.945509,0.947582,1,26,52,93,96
6@NodeId:93	0.987606,0.991079,15,43,66,75
6@NodeId:92	1.667145,1.678161,22,34,39,57
6@NodeId:95	1.432322,1.444777,76,88
6@NodeId:94	1.08967,1.098976,4,17,20,90
6@NodeId:97	1.106322,1.11025,37,50,62,89
6@NodeId:96	0.833502,0.840012,12,13,24,31,60,74
6@NodeId:88	1.311991,1.313066,21,26,44,50,55,82
6@NodeId:89	0.593539,0.596621,16,32,35,38,40,57,58
6@NodeId:86	1.37436,1.378404,11,60,71,95
6@NodeId:87	0.496403,0.50215,8,19,20,27,30,47,54,63
6@NodeId:84	1.093445,1.09531,9,21
6@NodeId:85	0.714774,0.717632,32,54,57,64,69,90,99
6@NodeId:82	0.696159,0.699244,2,23,24,32,52,53
6@NodeId:83	1.310429,1.320882,1,4,10,18,27,29,70
6@NodeId:80	1.218794,1.228436,31,79
6@NodeId:81	0.602221,0.608822,5,21,26,78,93,96
6@NodeId:73	0.551353,0.555828,41,50,51,84,92
6@NodeId:72	1.998922,2.009891,10,49,51,92,93,95
6@NodeId:71	1.56067,1.575106,15,16,45,84,97
6@NodeId:70	1.243908,1.253535,20,63,99
6@NodeId:77	0.646608,0.650472,0,5,32,37,40,41,44,69,79,83,85,86,87
6@NodeId:76	0.923455,0.929147,9
6@NodeId:75	0.445147,0.449752,29,34,37,51,54,65,85,91
6@NodeId:74	0.44217,0.443644,35,54,84
6@NodeId:79	1.014795,1.018636,0,26,43,74,90
6@NodeId:78	1.686676,1.694783,13,19,34,82
