7@NodeId:58	0.887861,0.891748,16,38,71,73,78
7@NodeId:59	0.513109,0.515126,10,24,69,92
7@NodeId:54	0.696843,0.700709,12,69,77
7@NodeId:55	0.697828,0.701245,10,19,22,25,51,58,62
7@NodeId:56	0.553275,0.55782,29,36,80,96,98
7@NodeId:57	0.838408,0.843101,86,94,96,98
7@NodeId:50	0.849008,0.851649,0,20,46,68
7@NodeId:51	0.949594,0.954075,38,45,61,71
7@NodeId:52	0.862759,0.864946,27,31,64,91
7@NodeId:53	0.615359,0.61748,2,13,65,78,95
7@NodeId:61	0.749644,0.753011,6,9,18,20,99
7@NodeId:60	0.560131,0.561913,14,49,53,56,65
7@NodeId:63	1.771329,1.782053,3,64,65,72
7@NodeId:62	1.043741,1.047768,11,22,33,91
7@NodeId:65	1.014001,1.022062,27,88
7@NodeId:64	1.035507,1.043785,3,27,28,31,33,39,78
7@NodeId:67	0.711787,0.715209,2,26,30,31,32,45
7@NodeId:66	1.036039,1.041,8,19,72,81,83,98
7@NodeId:69	0.903063,0.906416,12,22,42,46,55,72,88
7@NodeId:68	0.915151,0.919396,1,6,19,28,40,81,85
7@NodeId:89	0.591817,0.593539,16,32,35,38,40,57,58
7@NodeId:88	1.303178,1.311991,21,26,44,50,55,82
7@NodeId:83	1.306003,1.310429,1,4,10,18,27,29,70
7@NodeId:82	0.694284,0.696159,2,23,24,32,52,53
7@NodeId:81	0.599644,0.602221,5,21,26,78,93,96
7@NodeId:80	1.215282,1.218794,31,79
7@NodeId:87	0.494735,0.496403,8,19,20,27,30,47,54,63
7@NodeId:86	1.367706,1.37436,11,60,71,95
7@NodeId:85	0.710512,0.714774,32,54,57,64,69,90,99
7@NodeId:84	1.089048,1.093445,9,21
7@NodeId:76	0.917411,0.923455,9
7@NodeId:77	0.644801,0.646608,0,5,32,37,40,41,44,69,79,83,85,86,87
7@NodeId:74	0.440594,0.44217,35,54,84
7@NodeId:75	0.443829,0.445147,29,34,37,51,54,65,85,91
7@NodeId:72	1.983636,1.998922,10,49,51,92,93,95
7@NodeId:73	0.550074,0.551353,41,50,51,84,92
7@NodeId:70	1.238515,1.243908,20,63,99
7@NodeId:71	1.552786,1.56067,15,16,45,84,97
7@NodeId:78	1.677957,1.686676,13,19,34,82
7@NodeId:79	1.008514,1.014795,0,26,43,74,90
7@NodeId:98	1.152347,1.155673,5,13,15,28,49,66,92,94
7@NodeId:99	1.210077,1.218085,1,83
7@NodeId:90	0.941404,0.945509,1,26,52,93,96
7@NodeId:91	0.76445,0.76927,12,24,66,81,95
7@NodeId:92	1.657025,1.667145,22,34,39,57
7@NodeId:93	0.981836,0.987606,15,43,66,75
7@NodeId:94	1.083959,1.08967,4,17,20,90
7@NodeId:95	1.427248,1.432322,76,88
7@NodeId:96	0.831711,0.833502,12,13,24,31,60,74
7@NodeId:97	1.099827,1.106322,37,50,62,89
7@NodeId:10	0.91425,0.919494,4,6,38,67,78,80
7@NodeId:11	0.664703,0.667175,6,28,40,49,51,67,89
7@NodeId:12	1.020619,1.025856,24,28,50,55,67,85,98
7@NodeId:13	0.929029,0.933374,25,32,33,35,76
7@NodeId:14	0.33479,0.336186,36,39,44,62,98
7@NodeId:15	1.243279,1.250474,47,70,79,95,97
7@NodeId:16	0.638984,0.642097,45,52,67,80
7@NodeId:17	0.564152,0.56629,18,39,41,53,63,72,79,99
7@NodeId:18	1.066443,1.071473,52,61,62,87
7@NodeId:19	0.905429,0.909952,27,33,37,45,92
7@NodeId:25	0.833739,0.837372,63
7@NodeId:24	1.043437,1.048602,9,10,18,38,55,93,94
7@NodeId:27	1.368253,1.376976,32,68,70,92
7@NodeId:26	0.855753,0.85787,15,23,28,64
7@NodeId:21	6.761004,6.298845
7@NodeId:20	1.179689,1.187482,7,94
7@NodeId:23	0.582257,0.584679,92,99
7@NodeId:22	1.073476,1.079951,25,65,72,83,97
7@NodeId:29	0.887015,0.890215,18,23,31,36,86
7@NodeId:28	0.899055,0.904667,21,25,72
7@NodeId:2	1.04073,1.045203,31,63
7@NodeId:3	0.762203,0.769226,30,42,45,86
7@NodeId:0	0.758072,0.760806,1,15,66,96
7@NodeId:1	1.260859,1.266155,37,72
7@NodeId:6	0.707701,0.712195,15,22,58,80
7@NodeId:7	1.026196,1.031015,12,21,38,57,93
7@NodeId:4	0.760438,0.765542,24,42,46,86
7@NodeId:5	0.489648,0.492075,2,9,24,50,61,81,98
7@NodeId:8	0.350218,0.351855,13,41,59,87
7@NodeId:9	1.714745,1.722999,33,39,41,43,51,69,80
7@NodeId:38	1.191873,1.197925,30,41,98
7@NodeId:39	1.184091,1.188661,31,43,68,71,92
7@NodeId:32	1.00237,1.004916,2,3,6,27,47,69,71,91
7@NodeId:33	1.021983,1.027074,2,56,58,86
7@NodeId:30	0.8909,0.895361,80,84,95
7@NodeId:31	2.19659,2.209202,29,36,46,49,54,62,70,85
7@NodeId:36	0.788256,0.790238,12,20,30,34,61,75,77,99
7@NodeId:37	1.350073,1.356896,40,59,71,97
7@NodeId:34	0.993947,0.999079,0,7,77,78
7@NodeId:35	0.506028,0.507571,12,18,62,64,65,66,83,91
7@NodeId:49	1.174245,1.182573,2,29,31,39,84
7@NodeId:48	0.15,0.15,18,39,61,79,89
7@NodeId:47	0.522096,0.52509,5,14,52,70,73
7@NodeId:46	0.838446,0.843249,78
7@NodeId:45	1.481192,1.489717,18,53,58,83,86,90
7@NodeId:44	0.642302,0.64446,17,37,38
7@NodeId:43	0.943674,0.94762,4,21,24,56,67,68,80,86,90
7@NodeId:42	0.586204,0.589468,36,45,70,89,99
7@NodeId:41	0.969578,0.974151,44,45,49,66
7@NodeId:40	0.745346,0.749232,7,71,72,73
