3@NodeId:0	0.79065,0.746115,1,15,66,96
3@NodeId:1	1.30905,1.372368,37,72
3@NodeId:10	0.961633,0.92159,4,6,38,67,78,80
3@NodeId:11	0.65227,0.691965,6,28,40,49,51,67,89
3@NodeId:12	1.053011,1.174364,24,28,50,55,67,85,98
3@NodeId:13	0.937903,1.066399,25,32,33,35,76
3@NodeId:14	0.34836,0.326233,36,39,44,62,98
3@NodeId:15	1.270717,1.270536,47,70,79,95,97
3@NodeId:16	0.65126,0.659031,45,52,67,80
3@NodeId:17	0.586941,0.575266,18,39,41,53,63,72,79,99
3@NodeId:18	1.102805,1.172073,52,61,62,87
3@NodeId:19	0.918508,0.981293,27,33,37,45,92
3@NodeId:2	1.051311,1.02986,31,63
3@NodeId:20	1.212687,1.205184,7,94
3@NodeId:21	4.281308,3.365952
3@NodeId:22	1.113017,1.133525,25,65,72,83,97
3@NodeId:23	0.580675,0.55593,92,99
3@NodeId:24	1.079674,1.104624,9,10,18,38,55,93,94
3@NodeId:25	0.881082,0.844041,63
3@NodeId:26	0.871316,0.86392,15,23,28,64
3@NodeId:27	1.44227,1.437181,32,68,70,92
3@NodeId:28	0.94787,0.93672,21,25,72
3@NodeId:29	0.919649,0.849494,18,23,31,36,86
3@NodeId:3	0.796797,0.800882,30,42,45,86
3@NodeId:30	0.92836,0.950407,80,84,95
3@NodeId:31	2.216338,2.390572,29,36,46,49,54,62,70,85
3@NodeId:32	1.03744,1.040331,2,3,6,27,47,69,71,91
3@NodeId:33	1.071027,1.039565,2,56,58,86
3@NodeId:34	0.99923,1.088757,0,7,77,78
3@NodeId:35	0.53522,0.549651,12,18,62,64,65,66,83,91
3@NodeId:36	0.786042,0.824363,12,20,30,34,61,75,77,99
3@NodeId:37	1.413262,1.299135,40,59,71,97
3@NodeId:38	1.206559,1.279659,30,41,98
3@NodeId:39	1.205683,1.218793,31,43,68,71,92
3@NodeId:4	0.79837,0.712284,24,42,46,86
3@NodeId:40	0.733205,0.771126,7,71,72,73
3@NodeId:41	1.003888,1.083213,44,45,49,66
3@NodeId:42	0.592114,0.557175,36,45,70,89,99
3@NodeId:43	0.963505,0.955706,4,21,24,56,67,68,80,86,90
3@NodeId:44	0.662016,0.676985,17,37,38
3@NodeId:45	1.528647,1.467597,18,53,58,83,86,90
3@NodeId:46	0.854905,0.852652,78
3@NodeId:47	0.535054,0.554437,5,14,52,70,73
3@NodeId:48	0.15,0.15,18,39,61,79,89
3@NodeId:49	1.248841,1.171006,2,29,31,39,84
3@NodeId:5	0.516047,0.535109,2,9,24,50,61,81,98
3@NodeId:50	0.868982,0.842257,0,20,46,68
3@NodeId:51	0.967391,0.950084,38,45,61,71
3@NodeId:52	0.896472,0.860303,27,31,64,91
3@NodeId:53	0.625816,0.609738,2,13,65,78,95
3@NodeId:54	0.73496,0.706121,12,69,77
3@NodeId:55	0.730238,0.755106,10,19,22,25,51,58,62
3@NodeId:56	0.565275,0.514413,29,36,80,96,98
3@NodeId:57	0.846035,0.875053,86,94,96,98
3@NodeId:58	0.892222,0.936866,16,38,71,73,78
3@NodeId:59	0.507622,0.534706,10,24,69,92
3@NodeId:6	0.727023,0.729572,15,22,58,80
3@NodeId:60	0.544874,0.612387,14,49,53,56,65
3@NodeId:61	0.779026,0.817089,6,9,18,20,99
3@NodeId:62	1.089844,1.068504,11,22,33,91
3@NodeId:63	1.778331,1.874669,3,64,65,72
3@NodeId:64	1.061636,1.13561,3,27,28,31,33,39,78
3@NodeId:65	1.053936,1.066486,27,88
3@NodeId:66	1.089879,1.12253,8,19,72,81,83,98
3@NodeId:67	0.737489,0.702253,2,26,30,31,32,45
3@NodeId:68	0.931837,0.930589,1,6,19,28,40,81,85
3@NodeId:69	0.914103,0.992905,12,22,42,46,55,72,88
3@NodeId:7	1.057428,1.013035,12,21,38,57,93
3@NodeId:70	1.296785,1.247846,20,63,99
3@NodeId:71	1.544033,1.619497,15,16,45,84,97
3@NodeId:72	2.094304,2.045383,10,49,51,92,93,95
3@NodeId:73	0.567385,0.571981,41,50,51,84,92
3@NodeId:74	0.456534,0.484422,35,54,84
3@NodeId:75	0.449059,0.439614,29,34,37,51,54,65,85,91
3@NodeId:76	0.96614,0.870234,9
3@NodeId:77	0.669018,0.664316,0,5,32,37,40,41,44,69,79,83,85,86,87
3@NodeId:78	1.729081,1.62948,13,19,34,82
3@NodeId:79	1.034161,1.099254,0,26,43,74,90
3@NodeId:8	0.367553,0.383791,13,41,59,87
3@NodeId:80	1.230597,1.266147,31,79
3@NodeId:81	0.631513,0.646521,5,21,26,78,93,96
3@NodeId:82	0.679201,0.724787,2,23,24,32,52,53
3@NodeId:83	1.35612,1.502289,1,4,10,18,27,29,70
3@NodeId:84	1.128157,1.100803,9,21
3@NodeId:85	0.749744,0.72859,32,54,57,64,69,90,99
3@NodeId:86	1.364425,1.295119,11,60,71,95
3@NodeId:87	0.524058,0.55085,8,19,20,27,30,47,54,63
3@NodeId:88	1.358676,1.291317,21,26,44,50,55,82
3@NodeId:89	0.585473,0.54912,16,32,35,38,40,57,58
3@NodeId:9	1.695556,1.712666,33,39,41,43,51,69,80
3@NodeId:90	0.968645,0.943703,1,26,52,93,96
3@NodeId:91	0.775515,0.850058,12,24,66,81,95
3@NodeId:92	1.703078,1.734909,22,34,39,57
3@NodeId:93	0.998132,0.995155,15,43,66,75
3@NodeId:94	1.119052,1.153546,4,17,20,90
3@NodeId:95	1.448414,1.493769,76,88
3@NodeId:96	0.833968,0.844666,12,13,24,31,60,74
3@NodeId:97	1.11007,1.088136,37,50,62,89
3@NodeId:98	1.208033,1.287219,5,13,15,28,49,66,92,94
3@NodeId:99	1.210634,1.28153,1,83
