5@NodeId:0	0.764908,0.766545,1,15,66,96
5@NodeId:1	1.275729,1.275026,37,72
5@NodeId:10	0.924826,0.93901,4,6,38,67,78,80
5@NodeId:11	0.673699,0.671532,6,28,40,49,51,67,89
5@NodeId:12	1.030865,1.039367,24,28,50,55,67,85,98
5@NodeId:13	0.937795,0.948423,25,32,33,35,76
5@NodeId:14	0.335302,0.333588,36,39,44,62,98
5@NodeId:15	1.258641,1.260603,47,70,79,95,97
5@NodeId:16	0.64287,0.635257,45,52,67,80
5@NodeId:17	0.571385,0.57537,18,39,41,53,63,72,79,99
5@NodeId:18	1.075967,1.095836,52,61,62,87
5@NodeId:19	0.91593,0.929335,27,33,37,45,92
5@NodeId:2	1.050198,1.069874,31,63
5@NodeId:20	1.194856,1.211512,7,94
5@NodeId:21	5.747896,5.089846
5@NodeId:22	1.086402,1.097658,25,65,72,83,97
5@NodeId:23	0.590977,0.587715,92,99
5@NodeId:24	1.059291,1.055254,9,10,18,38,55,93,94
5@NodeId:25	0.842927,0.855892,63
5@NodeId:26	0.863807,0.876898,15,23,28,64
5@NodeId:27	1.378667,1.404063,32,68,70,92
5@NodeId:28	0.910074,0.912644,21,25,72
5@NodeId:29	0.894468,0.906271,18,23,31,36,86
5@NodeId:3	0.775446,0.767036,30,42,45,86
5@NodeId:30	0.897612,0.904853,80,84,95
5@NodeId:31	2.228043,2.235456,29,36,46,49,54,62,70,85
5@NodeId:32	1.01429,1.0225,2,3,6,27,47,69,71,91
5@NodeId:33	1.038013,1.031984,2,56,58,86
5@NodeId:34	1.003644,1.010564,0,7,77,78
5@NodeId:35	0.508813,0.509888,12,18,62,64,65,66,83,91
5@NodeId:36	0.795695,0.797803,12,20,30,34,61,75,77,99
5@NodeId:37	1.364222,1.377409,40,59,71,97
5@NodeId:38	1.204723,1.21301,30,41,98
5@NodeId:39	1.199976,1.206092,31,43,68,71,92
5@NodeId:4	0.768295,0.7797,24,42,46,86
5@NodeId:40	0.752596,0.75751,7,71,72,73
5@NodeId:41	0.983104,0.978412,44,45,49,66
5@NodeId:42	0.590032,0.599971,36,45,70,89,99
5@NodeId:43	0.959293,0.948765,4,21,24,56,67,68,80,86,90
5@NodeId:44	0.645028,0.658769,17,37,38
5@NodeId:45	1.489892,1.500378,18,53,58,83,86,90
5@NodeId:46	0.848442,0.850797,78
5@NodeId:47	0.526727,0.531931,5,14,52,70,73
5@NodeId:48	0.15,0.15,18,39,61,79,89
5@NodeId:49	1.183318,1.195692,2,29,31,39,84
5@NodeId:5	0.494417,0.50252,2,9,24,50,61,81,98
5@NodeId:50	0.855684,0.865353,0,20,46,68
5@NodeId:51	0.961359,0.964626,38,45,61,71
5@NodeId:52	0.872429,0.874588,27,31,64,91
5@NodeId:53	0.619131,0.617769,2,13,65,78,95
5@NodeId:54	0.701614,0.709271,12,69,77
5@NodeId:55	0.703335,0.712446,10,19,22,25,51,58,62
5@NodeId:56	0.553777,0.56122,29,36,80,96,98
5@NodeId:57	0.8446,0.8538,86,94,96,98
5@NodeId:58	0.893422,0.908408,16,38,71,73,78
5@NodeId:59	0.519216,0.528423,10,24,69,92
5@NodeId:6	0.716472,0.721249,15,22,58,80
5@NodeId:60	0.568484,0.558085,14,49,53,56,65
5@NodeId:61	0.759135,0.761597,6,9,18,20,99
5@NodeId:62	1.055362,1.060482,11,22,33,91
5@NodeId:63	1.805333,1.831192,3,64,65,72
5@NodeId:64	1.052676,1.051457,3,27,28,31,33,39,78
5@NodeId:65	1.027148,1.020706,27,88
5@NodeId:66	1.048251,1.060501,8,19,72,81,83,98
5@NodeId:67	0.715376,0.722692,2,26,30,31,32,45
5@NodeId:68	0.926893,0.937105,1,6,19,28,40,81,85
5@NodeId:69	0.917605,0.917009,12,22,42,46,55,72,88
5@NodeId:7	1.040609,1.033534,12,21,38,57,93
5@NodeId:70	1.253535,1.26428,20,63,99
5@NodeId:71	1.575106,1.568507,15,16,45,84,97
5@NodeId:72	2.009891,2.025583,10,49,51,92,93,95
5@NodeId:73	0.555828,0.548443,41,50,51,84,92
5@NodeId:74	0.443644,0.443952,35,54,84
5@NodeId:75	0.449752,0.44562,29,34,37,51,54,65,85,91
5@NodeId:76	0.929147,0.92502,9
5@NodeId:77	0.650472,0.654092,0,5,32,37,40,41,44,69,79,83,85,86,87
5@NodeId:78	1.694783,1.70168,13,19,34,82
5@NodeId:79	1.018636,1.020631,0,26,43,74,90
5@NodeId:8	0.354021,0.360081,13,41,59,87
5@NodeId:80	1.228436,1.235135,31,79
5@NodeId:81	0.608822,0.612053,5,21,26,78,93,96
5@NodeId:82	0.699244,0.709909,2,23,24,32,52,53
5@NodeId:83	1.320882,1.3253,1,4,10,18,27,29,70
5@NodeId:84	1.09531,1.11363,9,21
5@NodeId:85	0.717632,0.71796,32,54,57,64,69,90,99
5@NodeId:86	1.378404,1.403987,11,60,71,95
5@NodeId:87	0.50215,0.506194,8,19,20,27,30,47,54,63
5@NodeId:88	1.313066,1.324497,21,26,44,50,55,82
5@NodeId:89	0.596621,0.591253,16,32,35,38,40,57,58
5@NodeId:9	1.728189,1.776886,33,39,41,43,51,69,80
5@NodeId:90	0.947582,0.962202,1,26,52,93,96
5@NodeId:91	0.771366,0.7869,12,24,66,81,95
5@NodeId:92	1.678161,1.693753,22,34,39,57
5@NodeId:93	0.991079,1.011693,15,43,66,75
5@NodeId:94	1.098976,1.104631,4,17,20,90
5@NodeId:95	1.444777,1.453917,76,88
5@NodeId:96	0.840012,0.848026,12,13,24,31,60,74
5@NodeId:97	1.11025,1.118039,37,50,62,89
5@NodeId:98	1.164702,1.171887,5,13,15,28,49,66,92,94
5@NodeId:99	1.222539,1.234221,1,83
