2@NodeId:0	0.746115,0.810385,1,15,66,96
2@NodeId:1	1.372368,1.200358,37,72
2@NodeId:10	0.92159,0.868454,4,6,38,67,78,80
2@NodeId:11	0.691965,0.575,6,28,40,49,51,67,89
2@NodeId:12	1.174364,1.248929,24,28,50,55,67,85,98
2@NodeId:13	1.066399,0.992917,25,32,33,35,76
2@NodeId:14	0.326233,0.49,36,39,44,62,98
2@NodeId:15	1.270536,1.27625,47,70,79,95,97
2@NodeId:16	0.659031,0.611429,45,52,67,80
2@NodeId:17	0.575266,0.645833,18,39,41,53,63,72,79,99
2@NodeId:18	1.172073,1.257025,52,61,62,87
2@NodeId:19	0.981293,0.853275,27,33,37,45,92
2@NodeId:2	1.02986,1.213513,31,63
2@NodeId:20	1.205184,1.240833,7,94
2@NodeId:21	3.365952,2.256111
2@NodeId:22	1.133525,1.030358,25,65,72,83,97
2@NodeId:23	0.55593,0.674167,92,99
2@NodeId:24	1.104624,1.365636,9,10,18,38,55,93,94
2@NodeId:25	0.844041,0.894762,63
2@NodeId:26	0.86392,0.915001,15,23,28,64
2@NodeId:27	1.437181,1.412858,32,68,70,92
2@NodeId:28	0.93672,0.954466,21,25,72
2@NodeId:29	0.849494,0.823929,18,23,31,36,86
2@NodeId:3	0.800882,0.590179,30,42,45,86
2@NodeId:30	0.950407,1.0,80,84,95
2@NodeId:31	2.390572,2.127263,29,36,46,49,54,62,70,85
2@NodeId:32	1.040331,1.124077,2,3,6,27,47,69,71,91
2@NodeId:33	1.039565,0.945358,2,56,58,86
2@NodeId:34	1.088757,0.7875,0,7,77,78
2@NodeId:35	0.549651,0.724762,12,18,62,64,65,66,83,91
2@NodeId:36	0.824363,0.93625,12,20,30,34,61,75,77,99
2@NodeId:37	1.299135,1.412468,40,59,71,97
2@NodeId:38	1.279659,1.370358,30,41,98
2@NodeId:39	1.218793,1.221608,31,43,68,71,92
2@NodeId:4	0.712284,0.72004,24,42,46,86
2@NodeId:40	0.771126,0.792172,7,71,72,73
2@NodeId:41	1.083213,1.108897,44,45,49,66
2@NodeId:42	0.557175,0.696429,36,45,70,89,99
2@NodeId:43	0.955706,0.823929,4,21,24,56,67,68,80,86,90
2@NodeId:44	0.676985,0.739552,17,37,38
2@NodeId:45	1.467597,1.651667,18,53,58,83,86,90
2@NodeId:46	0.852652,0.802679,78
2@NodeId:47	0.554437,0.5325,5,14,52,70,73
2@NodeId:48	0.15,0.15,18,39,61,79,89
2@NodeId:49	1.171006,1.008096,2,29,31,39,84
2@NodeId:5	0.535109,0.633302,2,9,24,50,61,81,98
2@NodeId:50	0.842257,0.917025,0,20,46,68
2@NodeId:51	0.950084,0.932204,38,45,61,71
2@NodeId:52	0.860303,1.056667,27,31,64,91
2@NodeId:53	0.609738,0.709584,2,13,65,78,95
2@NodeId:54	0.706121,0.873512,12,69,77
2@NodeId:55	0.755106,0.655954,10,19,22,25,51,58,62
2@NodeId:56	0.514413,0.626944,29,36,80,96,98
2@NodeId:57	0.875053,0.775358,86,94,96,98
2@NodeId:58	0.936866,0.959525,16,38,71,73,78
2@NodeId:59	0.534706,0.575,10,24,69,92
2@NodeId:6	0.729572,0.810775,15,22,58,80
2@NodeId:60	0.612387,0.504167,14,49,53,56,65
2@NodeId:61	0.817089,0.972679,6,9,18,20,99
2@NodeId:62	1.068504,1.078929,11,22,33,91
2@NodeId:63	1.874669,1.920833,3,64,65,72
2@NodeId:64	1.13561,1.015179,3,27,28,31,33,39,78
2@NodeId:65	1.066486,1.085,27,88
2@NodeId:66	1.12253,1.17,8,19,72,81,83,98
2@NodeId:67	0.702253,0.841469,2,26,30,31,32,45
2@NodeId:68	0.930589,0.839444,1,6,19,28,40,81,85
2@NodeId:69	0.992905,1.060326,12,22,42,46,55,72,88
2@NodeId:7	1.013035,1.0,12,21,38,57,93
2@NodeId:70	1.247846,1.100179,20,63,99
2@NodeId:71	1.619497,1.44625,15,16,45,84,97
2@NodeId:72	2.045383,1.822679,10,49,51,92,93,95
2@NodeId:73	0.571981,0.7025,41,50,51,84,92
2@NodeId:74	0.484422,0.461667,35,54,84
2@NodeId:75	0.439614,0.46875,29,34,37,51,54,65,85,91
2@NodeId:76	0.870234,0.745,9
2@NodeId:77	0.664316,0.752083,0,5,32,37,40,41,44,69,79,83,85,86,87
2@NodeId:78	1.62948,1.957263,13,19,34,82
2@NodeId:79	1.099254,1.086635,0,26,43,74,90
2@NodeId:8	0.383791,0.397917,13,41,59,87
2@NodeId:80	1.266147,1.385873,31,79
2@NodeId:81	0.646521,0.704525,5,21,26,78,93,96
2@NodeId:82	0.724787,0.504167,2,23,24,32,52,53
2@NodeId:83	1.502289,1.199969,1,4,10,18,27,29,70
2@NodeId:84	1.100803,1.226666,9,21
2@NodeId:85	0.72859,0.670743,32,54,57,64,69,90,99
2@NodeId:86	1.295119,1.471496,11,60,71,95
2@NodeId:87	0.55085,0.640385,8,19,20,27,30,47,54,63
2@NodeId:88	1.291317,1.121429,21,26,44,50,55,82
2@NodeId:89	0.54912,0.823929,16,32,35,38,40,57,58
2@NodeId:9	1.712666,1.837858,33,39,41,43,51,69,80
2@NodeId:90	0.943703,0.89004,1,26,52,93,96
2@NodeId:91	0.850058,0.89375,12,24,66,81,95
2@NodeId:92	1.734909,1.757917,22,34,39,57
2@NodeId:93	0.995155,0.894763,15,43,66,75
2@NodeId:94	1.153546,1.015179,4,17,20,90
2@NodeId:95	1.493769,1.2975,76,88
2@NodeId:96	0.844666,1.056667,12,13,24,31,60,74
2@NodeId:97	1.088136,0.8725,37,50,62,89
2@NodeId:98	1.287219,1.370358,5,13,15,28,49,66,92,94
2@NodeId:99	1.28153,1.532262,1,83
