4@NodeId:17	0.57537,0.586941,18,39,41,53,63,72,79,99
4@NodeId:16	0.635257,0.65126,45,52,67,80
4@NodeId:15	1.260603,1.270717,47,70,79,95,97
4@NodeId:14	0.333588,0.34836,36,39,44,62,98
4@NodeId:13	0.948423,0.937903,25,32,33,35,76
4@NodeId:12	1.039367,1.053011,24,28,50,55,67,85,98
4@NodeId:11	0.671532,0.65227,6,28,40,49,51,67,89
4@NodeId:10	0.93901,0.961633,4,6,38,67,78,80
4@NodeId:19	0.929335,0.918508,27,33,37,45,92
4@NodeId:18	1.095836,1.102805,52,61,62,87
4@NodeId:99	1.234221,1.210634,1,83
4@NodeId:98	1.171887,1.208033,5,13,15,28,49,66,92,94
4@NodeId:97	1.118039,1.11007,37,50,62,89
4@NodeId:96	0.848026,0.833968,12,13,24,31,60,74
4@NodeId:95	1.453917,1.448414,76,88
4@NodeId:94	1.104631,1.119052,4,17,20,90
4@NodeId:93	1.011693,0.998132,15,43,66,75
4@NodeId:92	1.693753,1.703078,22,34,39,57
4@NodeId:91	0.7869,0.775515,12,24,66,81,95
4@NodeId:90	0.962202,0.968645,1,26,52,93,96
4@NodeId:88	1.324497,1.358676,21,26,44,50,55,82
4@NodeId:89	0.591253,0.585473,16,32,35,38,40,57,58
4@NodeId:84	1.11363,1.128157,9,21
4@NodeId:85	0.71796,0.749744,32,54,57,64,69,90,99
4@NodeId:86	1.403987,1.364425,11,60,71,95
4@NodeId:87	0.506194,0.524058,8,19,20,27,30,47,54,63
4@NodeId:80	1.235135,1.230597,31,79
4@NodeId:81	0.612053,0.631513,5,21,26,78,93,96
4@NodeId:82	0.709909,0.679201,2,23,24,32,52,53
4@NodeId:83	1.3253,1.35612,1,4,10,18,27,29,70
4@NodeId:39	1.206092,1.205683,31,43,68,71,92
4@NodeId:38	1.21301,1.206559,30,41,98
4@NodeId:31	2.235456,2.216338,29,36,46,49,54,62,70,85
4@NodeId:30	0.904853,0.92836,80,84,95
4@NodeId:33	1.031984,1.071027,2,56,58,86
4@NodeId:32	1.0225,1.03744,2,3,6,27,47,69,71,91
4@NodeId:35	0.509888,0.53522,12,18,62,64,65,66,83,91
4@NodeId:34	1.010564,0.99923,0,7,77,78
4@NodeId:37	1.377409,1.413262,40,59,71,97
4@NodeId:36	0.797803,0.786042,12,20,30,34,61,75,77,99
4@NodeId:59	0.528423,0.507622,10,24,69,92
4@NodeId:58	0.908408,0.892222,16,38,71,73,78
4@NodeId:53	0.617769,0.625816,2,13,65,78,95
4@NodeId:52	0.874588,0.896472,27,31,64,91
4@NodeId:51	0.964626,0.967391,38,45,61,71
4@NodeId:50	0.865353,0.868982,0,20,46,68
4@NodeId:57	0.8538,0.846035,86,94,96,98
4@NodeId:56	0.56122,0.565275,29,36,80,96,98
4@NodeId:55	0.712446,0.730238,10,19,22,25,51,58,62
4@NodeId:54	0.709271,0.73496,12,69,77
4@NodeId:9	1.776886,1.695556,33,39,41,43,51,69,80
4@NodeId:8	0.360081,0.367553,13,41,59,87
4@NodeId:7	1.033534,1.057428,12,21,38,57,93
4@NodeId:6	0.721249,0.727023,15,22,58,80
4@NodeId:5	0.50252,0.516047,2,9,24,50,61,81,98
4@NodeId:4	0.7797,0.79837,24,42,46,86
4@NodeId:3	0.767036,0.796797,30,42,45,86
4@NodeId:2	1.069874,1.051311,31,63
4@NodeId:1	1.275026,1.30905,37,72
4@NodeId:0	0.766545,0.79065,1,15,66,96
4@NodeId:28	0.912644,0.94787,21,25,72
4@NodeId:29	0.906271,0.919649,18,23,31,36,86
4@NodeId:26	0.876898,0.871316,15,23,28,64
4@NodeId:27	1.404063,1.44227,32,68,70,92
4@NodeId:24	1.055254,1.079674,9,10,18,38,55,93,94
4@NodeId:25	0.855892,0.881082,63
4@NodeId:22	1.097658,1.113017,25,65,72,83,97
4@NodeId:23	0.587715,0.580675,92,99
4@NodeId:20	1.211512,1.212687,7,94
4@NodeId:21	5.089846,4.281308
4@NodeId:48	0.15,0.15,18,39,61,79,89
4@NodeId:49	1.195692,1.248841,2,29,31,39,84
4@NodeId:40	0.75751,0.733205,7,71,72,73
4@NodeId:41	0.978412,1.003888,44,45,49,66
4@NodeId:42	0.599971,0.592114,36,45,70,89,99
4@NodeId:43	0.948765,0.963505,4,21,24,56,67,68,80,86,90
4@NodeId:44	0.658769,0.662016,17,37,38
4@NodeId:45	1.500378,1.528647,18,53,58,83,86,90
4@NodeId:46	0.850797,0.854905,78
4@NodeId:47	0.531931,0.535054,5,14,52,70,73
4@NodeId:79	1.020631,1.034161,0,26,43,74,90
4@NodeId:78	1.70168,1.729081,13,19,34,82
4@NodeId:75	0.44562,0.449059,29,34,37,51,54,65,85,91
4@NodeId:74	0.443952,0.456534,35,54,84
4@NodeId:77	0.654092,0.669018,0,5,32,37,40,41,44,69,79,83,85,86,87
4@NodeId:76	0.92502,0.96614,9
4@NodeId:71	1.568507,1.544033,15,16,45,84,97
4@NodeId:70	1.26428,1.296785,20,63,99
4@NodeId:73	0.548443,0.567385,41,50,51,84,92
4@NodeId:72	2.025583,2.094304,10,49,51,92,93,95
4@NodeId:62	1.060482,1.089844,11,22,33,91
4@NodeId:63	1.831192,1.778331,3,64,65,72
4@NodeId:60	0.558085,0.544874,14,49,53,56,65
4@NodeId:61	0.761597,0.779026,6,9,18,20,99
4@NodeId:66	1.060501,1.089879,8,19,72,81,83,98
4@NodeId:67	0.722692,0.737489,2,26,30,31,32,45
4@NodeId:64	1.051457,1.061636,3,27,28,31,33,39,78
4@NodeId:65	1.020706,1.053936,27,88
4@NodeId:68	0.937105,0.931837,1,6,19,28,40,81,85
4@NodeId:69	0.917009,0.914103,12,22,42,46,55,72,88
