8@NodeId:35	0.504633,0.506028,12,18,62,64,65,66,83,91
8@NodeId:34	0.989593,0.993947,0,7,77,78
8@NodeId:37	1.344804,1.350073,40,59,71,97
8@NodeId:36	0.784807,0.788256,12,20,30,34,61,75,77,99
8@NodeId:31	2.188253,2.19659,29,36,46,49,54,62,70,85
8@NodeId:30	0.886819,0.8909,80,84,95
8@NodeId:33	1.017612,1.021983,2,56,58,86
8@NodeId:32	0.998181,1.00237,2,3,6,27,47,69,71,91
8@NodeId:39	1.178054,1.184091,31,43,68,71,92
8@NodeId:38	1.187249,1.191873,30,41,98
8@NodeId:28	0.895796,0.899055,21,25,72
8@NodeId:29	0.88281,0.887015,18,23,31,36,86
8@NodeId:22	1.068693,1.073476,25,65,72,83,97
8@NodeId:23	0.580998,0.582257,92,99
8@NodeId:20	1.175425,1.179689,7,94
8@NodeId:21	7.147575,6.761004
8@NodeId:26	0.851889,0.855753,15,23,28,64
8@NodeId:27	1.361603,1.368253,32,68,70,92
8@NodeId:24	1.039283,1.043437,9,10,18,38,55,93,94
8@NodeId:25	0.829894,0.833739,63
8@NodeId:59	0.511312,0.513109,10,24,69,92
8@NodeId:58	0.883992,0.887861,16,38,71,73,78
8@NodeId:57	0.83471,0.838408,86,94,96,98
8@NodeId:56	0.551518,0.553275,29,36,80,96,98
8@NodeId:55	0.69491,0.697828,10,19,22,25,51,58,62
8@NodeId:54	0.694222,0.696843,12,69,77
8@NodeId:53	0.613356,0.615359,2,13,65,78,95
8@NodeId:52	0.859555,0.862759,27,31,64,91
8@NodeId:51	0.945354,0.949594,38,45,61,71
8@NodeId:50	0.845232,0.849008,0,20,46,68
8@NodeId:48	0.15,0.15,18,39,61,79,89
8@NodeId:49	1.168811,1.174245,2,29,31,39,84
8@NodeId:44	0.639726,0.642302,17,37,38
8@NodeId:45	1.473964,1.481192,18,53,58,83,86,90
8@NodeId:46	0.835053,0.838446,78
8@NodeId:47	0.520425,0.522096,5,14,52,70,73
8@NodeId:40	0.742753,0.745346,7,71,72,73
8@NodeId:41	0.965951,0.969578,44,45,49,66
8@NodeId:42	0.583219,0.586204,36,45,70,89,99
8@NodeId:43	0.939601,0.943674,4,21,24,56,67,68,80,86,90
8@NodeId:71	1.546437,1.552786,15,16,45,84,97
8@NodeId:70	1.232496,1.238515,20,63,99
8@NodeId:73	0.548078,0.550074,41,50,51,84,92
8@NodeId:72	1.974252,1.983636,10,49,51,92,93,95
8@NodeId:75	0.442392,0.443829,29,34,37,51,54,65,85,91
8@NodeId:74	0.439273,0.440594,35,54,84
8@NodeId:77	0.642405,0.644801,0,5,32,37,40,41,44,69,79,83,85,86,87
8@NodeId:76	0.914515,0.917411,9
8@NodeId:79	1.005453,1.008514,0,26,43,74,90
8@NodeId:78	1.669649,1.677957,13,19,34,82
8@NodeId:13	0.925861,0.929029,25,32,33,35,76
8@NodeId:12	1.01685,1.020619,24,28,50,55,67,85,98
8@NodeId:11	0.662433,0.664703,6,28,40,49,51,67,89
8@NodeId:10	0.910076,0.91425,4,6,38,67,78,80
8@NodeId:17	0.562327,0.564152,18,39,41,53,63,72,79,99
8@NodeId:16	0.636773,0.638984,45,52,67,80
8@NodeId:15	1.238375,1.243279,47,70,79,95,97
8@NodeId:14	0.333978,0.33479,36,39,44,62,98
8@NodeId:19	0.901765,0.905429,27,33,37,45,92
8@NodeId:18	1.062563,1.066443,52,61,62,87
8@NodeId:99	1.205435,1.210077,1,83
8@NodeId:98	1.146991,1.152347,5,13,15,28,49,66,92,94
8@NodeId:93	0.97716,0.981836,15,43,66,75
8@NodeId:92	1.649432,1.657025,22,34,39,57
8@NodeId:91	0.762555,0.76445,12,24,66,81,95
8@NodeId:90	0.937025,0.941404,1,26,52,93,96
8@NodeId:97	1.094713,1.099827,37,50,62,89
8@NodeId:96	0.828298,0.831711,12,13,24,31,60,74
8@NodeId:95	1.42,1.427248,76,88
8@NodeId:94	1.07867,1.083959,4,17,20,90
8@NodeId:66	1.031924,1.036039,8,19,72,81,83,98
8@NodeId:67	0.709074,0.711787,2,26,30,31,32,45
8@NodeId:64	1.031632,1.035507,3,27,28,31,33,39,78
8@NodeId:65	1.009653,1.014001,27,88
8@NodeId:62	1.039135,1.043741,11,22,33,91
8@NodeId:63	1.764408,1.771329,3,64,65,72
8@NodeId:60	0.558464,0.560131,14,49,53,56,65
8@NodeId:61	0.747117,0.749644,6,9,18,20,99
8@NodeId:68	0.911588,0.915151,1,6,19,28,40,81,85
8@NodeId:69	0.899632,0.903063,12,22,42,46,55,72,88
8@NodeId:88	1.297188,1.303178,21,26,44,50,55,82
8@NodeId:89	0.589582,0.591817,16,32,35,38,40,57,58
8@NodeId:80	1.209512,1.215282,31,79
8@NodeId:81	0.597311,0.599644,5,21,26,78,93,96
8@NodeId:82	0.691183,0.694284,2,23,24,32,52,53
8@NodeId:83	1.299307,1.306003,1,4,10,18,27,29,70
8@NodeId:84	1.084366,1.089048,9,21
8@NodeId:85	0.707762,0.710512,32,54,57,64,69,90,99
8@NodeId:86	1.360808,1.367706,11,60,71,95
8@NodeId:87	0.4932,0.494735,8,19,20,27,30,47,54,63
8@NodeId:3	0.758649,0.762203,30,42,45,86
8@NodeId:2	1.036556,1.04073,31,63
8@NodeId:1	1.255123,1.260859,37,72
8@NodeId:0	0.755235,0.758072,1,15,66,96
8@NodeId:7	1.020968,1.026196,12,21,38,57,93
8@NodeId:6	0.705299,0.707701,15,22,58,80
8@NodeId:5	0.488303,0.489648,2,9,24,50,61,81,98
8@NodeId:4	0.757571,0.760438,24,42,46,86
8@NodeId:9	1.706243,1.714745,33,39,41,43,51,69,80
8@NodeId:8	0.349338,0.350218,13,41,59,87
